A
[[-4  1  0  0  0  0  0  1  0  0  0  0  0  0  0  0  0  0  0  0  0]
 [ 1 -4  1  0  0  0  0  0  1  0  0  0  0  0  0  0  0  0  0  0  0]
 [ 0  1 -4  1  0  0  0  0  0  1  0  0  0  0  0  0  0  0  0  0  0]
 [ 0  0  1 -4  1  0  0  0  0  0  1  0  0  0  0  0  0  0  0  0  0]
 [ 0  0  0  1 -4  1  0  0  0  0  0  1  0  0  0  0  0  0  0  0  0]
 [ 0  0  0  0  1 -4  1  0  0  0  0  0  1  0  0  0  0  0  0  0  0]
 [ 0  0  0  0  0  1 -4  0  0  0  0  0  0  1  0  0  0  0  0  0  0]
 [ 1  0  0  0  0  0  0 -4  1  0  0  0  0  0  1  0  0  0  0  0  0]
 [ 0  1  0  0  0  0  0  1 -4  1  0  0  0  0  0  1  0  0  0  0  0]
 [ 0  0  1  0  0  0  0  0  1 -4  1  0  0  0  0  0  1  0  0  0  0]
 [ 0  0  0  1  0  0  0  0  0  1 -4  1  0  0  0  0  0  1  0  0  0]
 [ 0  0  0  0  1  0  0  0  0  0  1 -4  1  0  0  0  0  0  1  0  0]
 [ 0  0  0  0  0  1  0  0  0  0  0  1 -4  1  0  0  0  0  0  1  0]
 [ 0  0  0  0  0  0  1  0  0  0  0  0  1 -4  0  0  0  0  0  0  1]
 [ 0  0  0  0  0  0  0  1  0  0  0  0  0  0 -4  1  0  0  0  0  0]
 [ 0  0  0  0  0  0  0  0  1  0  0  0  0  0  1 -4  1  0  0  0  0]
 [ 0  0  0  0  0  0  0  0  0  1  0  0  0  0  0  1 -4  1  0  0  0]
 [ 0  0  0  0  0  0  0  0  0  0  1  0  0  0  0  0  1 -4  1  0  0]
 [ 0  0  0  0  0  0  0  0  0  0  0  1  0  0  0  0  0  1 -4  1  0]
 [ 0  0  0  0  0  0  0  0  0  0  0  0  1  0  0  0  0  0  1 -4  1]
 [ 0  0  0  0  0  0  0  0  0  0  0  0  0  1  0  0  0  0  0  1 -4]]
b
[-55. -15. -15. -15. -20. -20. -25. -40.  -0.  -0.  -0.  -0.  -0.  -5. -60. -20. -20. -15. -15. -15. -20.]
[[-55. -40. -60.]
 [-15.  -0. -20.]
 [-15.  -0. -20.]
 [-15.  -0. -15.]
 [-20.  -0. -15.]
 [-20.  -0. -15.]
 [-25.  -5. -20.]]
